stopped
1.0,0.0,0.0
-0.35
0
0.1

stopped
1.0,0.0,0.0
0.35
0
0.1

aux
8,8

rotate
1.0,0.0,0.0
0
0.35
0.03

rotate
1.0,0.0,0.0
-0.25
0.25
0.03

rotate
1.0,0.0,0.0
-0.25
-0.25
0.03

rotate
1.0,0.0,0.0
0
-0.30
0.03

rotate
1.0,0.0,0.0
0.25
-0.25
0.03

rotate
1.0,0.0,0.0
0.25
0.25
0.03

rotate
1.0,0.0,0.0
0.15
0
0.03

rotate
1.0,0.0,0.0
-0.15
0
0.03

rotate
1.0,0.0,0.0
0
0.35
0.03

rotate
1.0,0.0,0.0
-0.25
0.25
0.03

rotate
1.0,0.0,0.0
-0.25
-0.25
0.03

rotate
1.0,0.0,0.0
0
-0.30
0.03

rotate
1.0,0.0,0.0
0.25
-0.25
0.03

rotate
1.0,0.0,0.0
0.25
0.25
0.03

rotate
1.0,0.0,0.0
0.15
0
0.03

rotate
1.0,0.0,0.0
-0.15
0
0.03
